[38;2;30;40;80m⠈[38;2;180;100;240m⠻[38;2;220;60;220m⡽[38;2;255;20;120m⣿[38;2;255;20;120m⣿[38;2;255;20;120m⣿[38;2;255;40;180m⣷[38;2;50;80;140m⡄[38;2;30;40;80m⡀[38;2;10;15;25m⠀[38;2;10;15;25m⠀[38;2;10;15;25m⠀[38;2;10;15;25m⠀[38;2;10;15;25m⠀[38;2;10;15;25m⠀[38;2;10;15;25m⠀[38;2;10;15;25m⠀[38;2;10;15;25m⠀[38;2;10;15;25m⠀[38;2;10;15;25m⠀[38;2;10;15;25m⠀[38;2;10;15;25m⠀[38;2;10;15;25m⠀[38;2;10;15;25m⠀[38;2;10;15;25m⠀[38;2;10;15;25m⠀[38;2;10;15;25m⠀[38;2;10;15;25m⠀[38;2;10;15;25m⠀[38;2;10;15;25m⠀[38;2;10;15;25m⠀[38;2;10;15;25m⠀[38;2;10;15;25m⠀[38;2;10;15;25m⠀[38;2;10;15;25m⠀[38;2;10;15;25m⠀[38;2;10;15;25m⠀[38;2;10;15;25m⠀[38;2;10;15;25m⠀[38;2;10;15;25m⠀[38;2;10;15;25m⠀[38;2;10;15;25m⠀[38;2;10;15;25m⠀[38;2;30;40;80m⡀[38;2;30;40;80m⡀[38;2;10;15;25m⠀[38;2;10;15;25m⠀[38;2;10;15;25m⠀[38;2;10;15;25m⠀[38;2;10;15;25m⠀[38;2;10;15;25m⠀[38;2;10;15;25m⠀[38;2;10;15;25m⠀[38;2;10;15;25m⠀[38;2;10;15;25m⠀[38;2;10;15;25m⠀[38;2;10;15;25m⠀[38;2;10;15;25m⠀[38;2;10;15;25m⠀[38;2;10;15;25m⠀[38;2;10;15;25m⠀[38;2;10;15;25m⠀[38;2;10;15;25m⠀[38;2;10;15;25m⠀[38;2;10;15;25m⠀[0m
[38;2;10;15;25m⠀[38;2;10;15;25m⠀[38;2;80;140;200m⠸[38;2;120;180;240m⢦[38;2;220;60;220m⡻[38;2;255;40;180m⢿[38;2;255;20;120m⣿[38;2;255;20;120m⣿[38;2;220;60;220m⣶[38;2;180;100;240m⣦[38;2;30;40;80m⡀[38;2;10;15;25m⠀[38;2;10;15;25m⠀[38;2;10;15;25m⠀[38;2;10;15;25m⠀[38;2;10;15;25m⠀[38;2;10;15;25m⠀[38;2;10;15;25m⠀[38;2;10;15;25m⠀[38;2;10;15;25m⠀[38;2;10;15;25m⠀[38;2;10;15;25m⠀[38;2;10;15;25m⠀[38;2;10;15;25m⠀[38;2;10;15;25m⠀[38;2;10;15;25m⠀[38;2;10;15;25m⠀[38;2;10;15;25m⠀[38;2;10;15;25m⠀[38;2;10;15;25m⠀[38;2;10;15;25m⠀[38;2;50;80;140m⣀[38;2;80;140;200m⣄[38;2;180;100;240m⣴[38;2;180;100;240m⣴[38;2;220;60;220m⣶[38;2;180;100;240m⡶[38;2;180;100;240m⠾[38;2;220;60;220m⠿[38;2;220;60;220m⣛[38;2;180;100;240m⣋[38;2;220;60;220m⣭[38;2;255;20;120m⣿[38;2;180;100;240m⠯[38;2;180;100;240m⣙[38;2;10;15;25m⠀[38;2;10;15;25m⠀[38;2;10;15;25m⠀[38;2;10;15;25m⠀[38;2;10;15;25m⠀[38;2;10;15;25m⠀[38;2;10;15;25m⠀[38;2;30;40;80m⢀[38;2;50;80;140m⣀[38;2;10;15;25m⠀[38;2;30;40;80m⢀[38;2;30;40;80m⡀[38;2;10;15;25m⠀[38;2;10;15;25m⠀[38;2;10;15;25m⠀[38;2;10;15;25m⠀[38;2;10;15;25m⠀[38;2;10;15;25m⠀[38;2;10;15;25m⠀[38;2;10;15;25m⠀[0m
[38;2;10;15;25m⠀[38;2;10;15;25m⠀[38;2;10;15;25m⠀[38;2;30;40;80m⠈[38;2;120;180;240m⠛[38;2;220;60;220m⣮[38;2;180;100;240m⡹[38;2;255;20;120m⣿[38;2;255;20;120m⣿[38;2;255;20;120m⣿[38;2;255;40;180m⣷[38;2;255;20;120m⣿[38;2;120;180;240m⣆[38;2;10;15;25m⠀[38;2;10;15;25m⠀[38;2;10;15;25m⠀[38;2;10;15;25m⠀[38;2;10;15;25m⠀[38;2;10;15;25m⠀[38;2;10;15;25m⠀[38;2;10;15;25m⠀[38;2;10;15;25m⠀[38;2;10;15;25m⠀[38;2;10;15;25m⠀[38;2;10;15;25m⠀[38;2;10;15;25m⠀[38;2;10;15;25m⠀[38;2;10;15;25m⠀[38;2;10;15;25m⠀[38;2;80;140;200m⣠[38;2;255;40;180m⣾[38;2;255;20;120m⣿[38;2;255;20;120m⣿[38;2;220;60;220m⣶[38;2;220;60;220m⣶[38;2;220;60;220m⣶[38;2;255;40;180m⣾[38;2;255;20;120m⣿[38;2;255;20;120m⣿[38;2;255;20;120m⣿[38;2;255;20;120m⣿[38;2;255;40;180m⢿[38;2;220;60;220m⢟[38;2;255;40;180m⣷[38;2;50;80;140m⠆[38;2;10;15;25m⠀[38;2;10;15;25m⠀[38;2;10;15;25m⠀[38;2;10;15;25m⠀[38;2;80;140;200m⣠[38;2;120;180;240m⣰[38;2;220;60;220m⣼[38;2;255;20;120m⣿[38;2;255;20;120m⣿[38;2;255;20;120m⣿[38;2;255;20;120m⣿[38;2;255;20;120m⣿[38;2;255;20;120m⣿[38;2;255;40;180m⣷[38;2;255;40;180m⣾[38;2;220;60;220m⣶[38;2;255;40;180m⣷[38;2;180;100;240m⣦[38;2;50;80;140m⡄[38;2;10;15;25m⠀[0m
[38;2;10;15;25m⠀[38;2;10;15;25m⠀[38;2;10;15;25m⠀[38;2;10;15;25m⠀[38;2;10;15;25m⠀[38;2;30;40;80m⠈[38;2;80;140;200m⠱[38;2;220;60;220m⣼[38;2;255;20;120m⣿[38;2;220;60;220m⢻[38;2;255;40;180m⣽[38;2;255;40;180m⡿[38;2;255;40;180m⣯[38;2;220;60;220m⡽[38;2;255;40;180m⣷[38;2;50;80;140m⡄[38;2;30;40;80m⡀[38;2;10;15;25m⠀[38;2;10;15;25m⠀[38;2;10;15;25m⠀[38;2;10;15;25m⠀[38;2;10;15;25m⠀[38;2;10;15;25m⠀[38;2;10;15;25m⠀[38;2;10;15;25m⠀[38;2;10;15;25m⠀[38;2;10;15;25m⠀[38;2;120;180;240m⣤[38;2;255;40;180m⣾[38;2;255;20;120m⣿[38;2;255;20;120m⣿[38;2;255;20;120m⣿[38;2;255;20;120m⣿[38;2;255;40;180m⡿[38;2;255;20;120m⣿[38;2;255;40;180m⢿[38;2;255;20;120m⣿[38;2;255;40;180m⢿[38;2;220;60;220m⡻[38;2;255;40;180m⣟[38;2;120;180;240m⠝[38;2;180;100;240m⣱[38;2;255;40;180m⣾[38;2;120;180;240m⠛[38;2;10;15;25m⠀[38;2;30;40;80m⡀[38;2;50;80;140m⣀[38;2;220;60;220m⣶[38;2;255;20;120m⣿[38;2;255;20;120m⣿[38;2;255;20;120m⣿[38;2;255;20;120m⣿[38;2;255;20;120m⣿[38;2;255;40;180m⣽[38;2;255;20;120m⣿[38;2;255;40;180m⣷[38;2;255;20;120m⣿[38;2;255;40;180m⣾[38;2;255;20;120m⣿[38;2;255;40;180m⣾[38;2;255;20;120m⣿[38;2;255;40;180m⣾[38;2;255;20;120m⣿[38;2;255;20;120m⣿[38;2;255;40;180m⣷[0m
[38;2;10;15;25m⠀[38;2;10;15;25m⠀[38;2;10;15;25m⠀[38;2;10;15;25m⠀[38;2;10;15;25m⠀[38;2;10;15;25m⠀[38;2;10;15;25m⠀[38;2;80;140;200m⠙[38;2;220;60;220m⢻[38;2;80;140;200m⡆[38;2;255;40;180m⢿[38;2;255;20;120m⣿[38;2;255;40;180m⣟[38;2;255;20;120m⣿[38;2;180;100;240m⡭[38;2;220;60;220m⠿[38;2;180;100;240m⡗[38;2;10;15;25m⠀[38;2;10;15;25m⠀[38;2;10;15;25m⠀[38;2;10;15;25m⠀[38;2;10;15;25m⠀[38;2;10;15;25m⠀[38;2;10;15;25m⠀[38;2;30;40;80m⡀[38;2;50;80;140m⣀[38;2;80;140;200m⣠[38;2;180;100;240m⣴[38;2;255;20;120m⣿[38;2;255;20;120m⣿[38;2;255;20;120m⣿[38;2;255;20;120m⣿[38;2;255;20;120m⣿[38;2;255;40;180m⡿[38;2;255;40;180m⣽[38;2;255;40;180m⣻[38;2;220;60;220m⡾[38;2;180;100;240m⡫[38;2;120;180;240m⡪[38;2;120;180;240m⣢[38;2;255;40;180m⣾[38;2;220;60;220m⠿[38;2;180;100;240m⢫[38;2;180;100;240m⣴[38;2;220;60;220m⣶[38;2;255;20;120m⣿[38;2;255;20;120m⣿[38;2;255;20;120m⣿[38;2;255;20;120m⣿[38;2;255;20;120m⣿[38;2;255;20;120m⣿[38;2;255;20;120m⣿[38;2;255;20;120m⣿[38;2;255;20;120m⣿[38;2;255;20;120m⣿[38;2;255;20;120m⣿[38;2;255;20;120m⣿[38;2;255;20;120m⣿[38;2;255;20;120m⣿[38;2;255;20;120m⣿[38;2;255;20;120m⣿[38;2;255;20;120m⣿[38;2;255;20;120m⣿[38;2;220;60;220m⣳[38;2;255;40;180m⡿[0m
[38;2;10;15;25m⠀[38;2;10;15;25m⠀[38;2;10;15;25m⠀[38;2;10;15;25m⠀[38;2;10;15;25m⠀[38;2;10;15;25m⠀[38;2;10;15;25m⠀[38;2;10;15;25m⠀[38;2;10;15;25m⠀[38;2;30;40;80m⠈[38;2;220;60;220m⢾[38;2;255;20;120m⣿[38;2;255;40;180m⣯[38;2;255;20;120m⣿[38;2;50;80;140m⠉[38;2;255;40;180m⣻[38;2;255;40;180m⣾[38;2;255;40;180m⣟[38;2;120;180;240m⢦[38;2;80;140;200m⣄[38;2;10;15;25m⠀[38;2;30;40;80m⢀[38;2;80;140;200m⣠[38;2;220;60;220m⣶[38;2;255;20;120m⣿[38;2;255;20;120m⣿[38;2;255;20;120m⣿[38;2;255;20;120m⣿[38;2;255;20;120m⣿[38;2;255;20;120m⣿[38;2;255;20;120m⣿[38;2;255;20;120m⣿[38;2;255;20;120m⣿[38;2;255;20;120m⣿[38;2;220;60;220m⣳[38;2;255;40;180m⡿[38;2;255;20;120m⣿[38;2;80;140;200m⢡[38;2;255;20;120m⣿[38;2;255;40;180m⣟[38;2;255;20;120m⣿[38;2;180;100;240m⢶[38;2;180;100;240m⠾[38;2;255;20;120m⣿[38;2;255;20;120m⣿[38;2;255;20;120m⣿[38;2;255;20;120m⣿[38;2;255;20;120m⣿[38;2;255;40;180m⣻[38;2;255;20;120m⣿[38;2;255;20;120m⣿[38;2;255;20;120m⣿[38;2;255;20;120m⣿[38;2;255;20;120m⣿[38;2;255;20;120m⣿[38;2;255;20;120m⣿[38;2;255;20;120m⣿[38;2;255;20;120m⣿[38;2;255;40;180m⢿[38;2;255;40;180m⡿[38;2;255;20;120m⣿[38;2;255;40;180m⣻[38;2;255;40;180m⣾[38;2;80;140;200m⡑[38;2;10;15;25m⠀[0m
[38;2;10;15;25m⠀[38;2;10;15;25m⠀[38;2;10;15;25m⠀[38;2;10;15;25m⠀[38;2;10;15;25m⠀[38;2;10;15;25m⠀[38;2;10;15;25m⠀[38;2;10;15;25m⠀[38;2;10;15;25m⠀[38;2;10;15;25m⠀[38;2;30;40;80m⠐[38;2;255;40;180m⢿[38;2;220;60;220m⠿[38;2;180;100;240m⠽[38;2;80;140;200m⣄[38;2;255;40;180m⢿[38;2;255;20;120m⣿[38;2;255;40;180m⣻[38;2;255;40;180m⣷[38;2;180;100;240m⣖[38;2;255;40;180m⣽[38;2;180;100;240m⠟[38;2;255;40;180m⣻[38;2;255;20;120m⣿[38;2;255;20;120m⣿[38;2;255;20;120m⣿[38;2;255;20;120m⣿[38;2;255;40;180m⢿[38;2;255;40;180m⡿[38;2;255;20;120m⣿[38;2;255;40;180m⣻[38;2;220;60;220m⡷[38;2;180;100;240m⠯[38;2;220;60;220m⠿[38;2;220;60;220m⢷[38;2;220;60;220m⡻[38;2;255;40;180m⢿[38;2;255;20;120m⣿[38;2;255;20;120m⣿[38;2;255;20;120m⣿[38;2;255;20;120m⣿[38;2;255;20;120m⣿[38;2;255;20;120m⣿[38;2;220;60;220m⣳[38;2;255;20;120m⣿[38;2;255;20;120m⣿[38;2;255;20;120m⣿[38;2;255;20;120m⣿[38;2;255;20;120m⣿[38;2;255;20;120m⣿[38;2;255;20;120m⣿[38;2;255;40;180m⡿[38;2;255;40;180m⣟[38;2;255;40;180m⡿[38;2;255;40;180m⣾[38;2;255;40;180m⣽[38;2;180;100;240m⠾[38;2;180;100;240m⢹[38;2;255;40;180m⣯[38;2;255;40;180m⣽[38;2;255;40;180m⣾[38;2;255;20;120m⣿[38;2;255;20;120m⣿[38;2;180;100;240m⣇[38;2;10;15;25m⠀[0m
[38;2;10;15;25m⠀[38;2;10;15;25m⠀[38;2;10;15;25m⠀[38;2;10;15;25m⠀[38;2;10;15;25m⠀[38;2;10;15;25m⠀[38;2;10;15;25m⠀[38;2;10;15;25m⠀[38;2;10;15;25m⠀[38;2;10;15;25m⠀[38;2;10;15;25m⠀[38;2;10;15;25m⠀[38;2;10;15;25m⠀[38;2;10;15;25m⠀[38;2;50;80;140m⠘[38;2;255;20;120m⣿[38;2;255;40;180m⣾[38;2;255;20;120m⣿[38;2;255;40;180m⣾[38;2;255;20;120m⣿[38;2;120;180;240m⡱[38;2;220;60;220m⣼[38;2;255;20;120m⣿[38;2;255;40;180m⣟[38;2;220;60;220m⢟[38;2;255;40;180m⣻[38;2;255;40;180m⣯[38;2;255;40;180m⣻[38;2;255;20;120m⣿[38;2;220;60;220m⣶[38;2;255;20;120m⣿[38;2;255;20;120m⣿[38;2;255;20;120m⣿[38;2;255;20;120m⣿[38;2;255;20;120m⣿[38;2;255;20;120m⣿[38;2;220;60;220m⠿[38;2;220;60;220m⡟[38;2;220;60;220m⣛[38;2;255;20;120m⣿[38;2;255;20;120m⣿[38;2;255;20;120m⣿[38;2;255;20;120m⣿[38;2;255;20;120m⣿[38;2;255;20;120m⣿[38;2;255;20;120m⣿[38;2;255;20;120m⣿[38;2;255;20;120m⣿[38;2;255;20;120m⣿[38;2;255;40;180m⢿[38;2;255;40;180m⣽[38;2;220;60;220m⡻[38;2;220;60;220m⡽[38;2;180;100;240m⣣[38;2;255;40;180m⣽[38;2;255;20;120m⣿[38;2;255;20;120m⣿[38;2;255;20;120m⣿[38;2;255;20;120m⣿[38;2;255;20;120m⣿[38;2;255;20;120m⣿[38;2;255;20;120m⣿[38;2;255;20;120m⣿[38;2;255;20;120m⣿[38;2;30;40;80m⡀[0m
[38;2;10;15;25m⠀[38;2;10;15;25m⠀[38;2;10;15;25m⠀[38;2;10;15;25m⠀[38;2;10;15;25m⠀[38;2;10;15;25m⠀[38;2;10;15;25m⠀[38;2;10;15;25m⠀[38;2;10;15;25m⠀[38;2;10;15;25m⠀[38;2;10;15;25m⠀[38;2;10;15;25m⠀[38;2;10;15;25m⠀[38;2;10;15;25m⠀[38;2;10;15;25m⠀[38;2;10;15;25m⠀[38;2;120;180;240m⢙[38;2;180;100;240m⡝[38;2;255;20;120m⣿[38;2;255;20;120m⣿[38;2;255;20;120m⣿[38;2;220;60;220m⡟[38;2;220;60;220m⢻[38;2;120;180;240m⡖[38;2;80;140;200m⢉[38;2;220;60;220m⣼[38;2;255;20;120m⣿[38;2;255;20;120m⣿[38;2;255;20;120m⣿[38;2;255;20;120m⣿[38;2;255;20;120m⣿[38;2;255;40;180m⡿[38;2;180;100;240m⠟[38;2;180;100;240m⣩[38;2;80;140;200m⢑[38;2;120;180;240m⣢[38;2;255;40;180m⣷[38;2;255;20;120m⣿[38;2;255;20;120m⣿[38;2;255;20;120m⣿[38;2;255;20;120m⣿[38;2;255;20;120m⣿[38;2;255;20;120m⣿[38;2;255;20;120m⣿[38;2;255;20;120m⣿[38;2;255;40;180m⣻[38;2;255;40;180m⣟[38;2;255;40;180m⡿[38;2;220;60;220m⣞[38;2;255;40;180m⡿[38;2;180;100;240m⣲[38;2;220;60;220m⣵[38;2;255;20;120m⣿[38;2;255;20;120m⣿[38;2;255;20;120m⣿[38;2;255;20;120m⣿[38;2;255;20;120m⣿[38;2;255;20;120m⣿[38;2;255;20;120m⣿[38;2;255;20;120m⣿[38;2;255;20;120m⣿[38;2;255;20;120m⣿[38;2;255;40;180m⣻[38;2;255;20;120m⣿[38;2;120;180;240m⡇[0m
[38;2;10;15;25m⠀[38;2;10;15;25m⠀[38;2;10;15;25m⠀[38;2;10;15;25m⠀[38;2;10;15;25m⠀[38;2;10;15;25m⠀[38;2;10;15;25m⠀[38;2;10;15;25m⠀[38;2;10;15;25m⠀[38;2;10;15;25m⠀[38;2;10;15;25m⠀[38;2;10;15;25m⠀[38;2;10;15;25m⠀[38;2;10;15;25m⠀[38;2;10;15;25m⠀[38;2;10;15;25m⠀[38;2;80;140;200m⢰[38;2;220;60;220m⣧[38;2;220;60;220m⣭[38;2;180;100;240m⣓[38;2;180;100;240m⣋[38;2;220;60;220m⣶[38;2;255;20;120m⣿[38;2;220;60;220m⣶[38;2;255;40;180m⣾[38;2;255;20;120m⣿[38;2;255;20;120m⣿[38;2;255;20;120m⣿[38;2;255;20;120m⣿[38;2;255;40;180m⢿[38;2;255;20;120m⣿[38;2;255;40;180m⣷[38;2;220;60;220m⣼[38;2;255;40;180m⣾[38;2;255;20;120m⣿[38;2;255;20;120m⣿[38;2;255;20;120m⣿[38;2;255;20;120m⣿[38;2;255;20;120m⣿[38;2;255;20;120m⣿[38;2;255;20;120m⣿[38;2;255;20;120m⣿[38;2;255;20;120m⣿[38;2;255;40;180m⣾[38;2;255;40;180m⣯[38;2;220;60;220m⢷[38;2;255;40;180m⣯[38;2;255;40;180m⢿[38;2;120;180;240m⢍[38;2;255;40;180m⣾[38;2;220;60;220m⠿[38;2;255;40;180m⢿[38;2;255;40;180m⣟[38;2;220;60;220m⢯[38;2;220;60;220m⡻[38;2;255;20;120m⣿[38;2;255;20;120m⣿[38;2;255;20;120m⣿[38;2;255;20;120m⣿[38;2;255;20;120m⣿[38;2;255;20;120m⣿[38;2;255;20;120m⣿[38;2;255;20;120m⣿[38;2;255;40;180m⢿[38;2;10;15;25m⠀[0m
[38;2;10;15;25m⠀[38;2;10;15;25m⠀[38;2;10;15;25m⠀[38;2;10;15;25m⠀[38;2;10;15;25m⠀[38;2;10;15;25m⠀[38;2;10;15;25m⠀[38;2;10;15;25m⠀[38;2;10;15;25m⠀[38;2;10;15;25m⠀[38;2;10;15;25m⠀[38;2;10;15;25m⠀[38;2;10;15;25m⠀[38;2;10;15;25m⠀[38;2;80;140;200m⣠[38;2;255;40;180m⣾[38;2;255;20;120m⣿[38;2;255;20;120m⣿[38;2;255;40;180m⣻[38;2;255;20;120m⣿[38;2;255;20;120m⣿[38;2;255;20;120m⣿[38;2;255;20;120m⣿[38;2;255;20;120m⣿[38;2;255;40;180m⣟[38;2;255;20;120m⣿[38;2;220;60;220m⠿[38;2;120;180;240m⠗[38;2;120;180;240m⢋[38;2;180;100;240m⣩[38;2;255;40;180m⣟[38;2;180;100;240m⣋[38;2;255;40;180m⣻[38;2;255;20;120m⣿[38;2;255;40;180m⣻[38;2;255;40;180m⣯[38;2;255;40;180m⡿[38;2;220;60;220m⡽[38;2;220;60;220m⢯[38;2;255;40;180m⡿[38;2;255;40;180m⣽[38;2;220;60;220m⢯[38;2;255;40;180m⡿[38;2;255;40;180m⣽[38;2;255;40;180m⣾[38;2;220;60;220m⢟[38;2;180;100;240m⢞[38;2;180;100;240m⣩[38;2;255;40;180m⣾[38;2;220;60;220m⡟[38;2;10;15;25m⠀[38;2;10;15;25m⠀[38;2;120;180;240m⠹[38;2;180;100;240m⡞[38;2;220;60;220m⣵[38;2;180;100;240m⢫[38;2;255;20;120m⣿[38;2;255;40;180m⢿[38;2;255;20;120m⣿[38;2;255;40;180m⡿[38;2;255;20;120m⣿[38;2;220;60;220m⡽[38;2;220;60;220m⢯[38;2;180;100;240m⡏[38;2;10;15;25m⠀[0m
[38;2;10;15;25m⠀[38;2;10;15;25m⠀[38;2;10;15;25m⠀[38;2;10;15;25m⠀[38;2;10;15;25m⠀[38;2;10;15;25m⠀[38;2;10;15;25m⠀[38;2;10;15;25m⠀[38;2;10;15;25m⠀[38;2;10;15;25m⠀[38;2;10;15;25m⠀[38;2;10;15;25m⠀[38;2;30;40;80m⢀[38;2;220;60;220m⣼[38;2;255;20;120m⣿[38;2;255;20;120m⣿[38;2;255;20;120m⣿[38;2;255;20;120m⣿[38;2;220;60;220m⣏[38;2;180;100;240m⣴[38;2;180;100;240m⣦[38;2;120;180;240m⣤[38;2;120;180;240m⣤[38;2;80;140;200m⢤[38;2;80;140;200m⣂[38;2;120;180;240m⣌[38;2;180;100;240m⣴[38;2;255;40;180m⣯[38;2;120;180;240m⡙[38;2;255;40;180m⣽[38;2;80;140;200m⣠[38;2;255;40;180m⡿[38;2;220;60;220m⣵[38;2;255;20;120m⣿[38;2;255;20;120m⣿[38;2;255;20;120m⣿[38;2;255;40;180m⣷[38;2;220;60;220m⣶[38;2;220;60;220m⣶[38;2;255;20;120m⣿[38;2;220;60;220m⢯[38;2;255;40;180m⡿[38;2;220;60;220m⣝[38;2;255;40;180m⢿[38;2;180;100;240m⣪[38;2;220;60;220m⣶[38;2;255;20;120m⣿[38;2;255;20;120m⣿[38;2;255;20;120m⣿[38;2;255;20;120m⣿[38;2;50;80;140m⡄[38;2;10;15;25m⠀[38;2;10;15;25m⠀[38;2;50;80;140m⠘[38;2;180;100;240m⢧[38;2;220;60;220m⡻[38;2;180;100;240m⣜[38;2;220;60;220m⢯[38;2;220;60;220m⡻[38;2;220;60;220m⣝[38;2;180;100;240m⢶[38;2;220;60;220m⣛[38;2;220;60;220m⡟[38;2;10;15;25m⠀[38;2;10;15;25m⠀[0m
[38;2;10;15;25m⠀[38;2;10;15;25m⠀[38;2;10;15;25m⠀[38;2;10;15;25m⠀[38;2;10;15;25m⠀[38;2;10;15;25m⠀[38;2;10;15;25m⠀[38;2;10;15;25m⠀[38;2;10;15;25m⠀[38;2;10;15;25m⠀[38;2;10;15;25m⠀[38;2;220;60;220m⣼[38;2;220;60;220m⢻[38;2;255;20;120m⣿[38;2;255;20;120m⣿[38;2;255;20;120m⣿[38;2;255;20;120m⣿[38;2;255;20;120m⣿[38;2;255;20;120m⣿[38;2;255;40;180m⣯[38;2;180;100;240m⠷[38;2;220;60;220m⣭[38;2;80;140;200m⠇[38;2;80;140;200m⡰[38;2;255;40;180m⣾[38;2;255;20;120m⣿[38;2;255;20;120m⣿[38;2;180;100;240m⣜[38;2;80;140;200m⢡[38;2;255;20;120m⣿[38;2;255;20;120m⣿[38;2;120;180;240m⡩[38;2;220;60;220m⠿[38;2;220;60;220m⠿[38;2;255;40;180m⡿[38;2;50;80;140m⠉[38;2;220;60;220m⣹[38;2;255;20;120m⣿[38;2;255;20;120m⣿[38;2;255;20;120m⣿[38;2;255;20;120m⣿[38;2;255;40;180m⣷[38;2;255;40;180m⣾[38;2;255;40;180m⡿[38;2;255;20;120m⣿[38;2;255;20;120m⣿[38;2;255;20;120m⣿[38;2;255;40;180m⡿[38;2;255;40;180m⣟[38;2;220;60;220m⡯[38;2;255;40;180m⢿[38;2;80;140;200m⡤[38;2;10;15;25m⠀[38;2;10;15;25m⠀[38;2;30;40;80m⠈[38;2;220;60;220m⢷[38;2;180;100;240m⢭[38;2;180;100;240m⢞[38;2;120;180;240m⡱[38;2;220;60;220m⣏[38;2;220;60;220m⢾[38;2;180;100;240m⡹[38;2;10;15;25m⠀[38;2;10;15;25m⠀[38;2;10;15;25m⠀[0m
[38;2;10;15;25m⠀[38;2;10;15;25m⠀[38;2;10;15;25m⠀[38;2;10;15;25m⠀[38;2;10;15;25m⠀[38;2;10;15;25m⠀[38;2;10;15;25m⠀[38;2;10;15;25m⠀[38;2;10;15;25m⠀[38;2;10;15;25m⠀[38;2;10;15;25m⠀[38;2;220;60;220m⣮[38;2;50;80;140m⡁[38;2;180;100;240m⠻[38;2;255;20;120m⣿[38;2;255;20;120m⣿[38;2;255;20;120m⣿[38;2;255;20;120m⣿[38;2;255;20;120m⣿[38;2;255;20;120m⣿[38;2;255;40;180m⣽[38;2;220;60;220m⣶[38;2;255;20;120m⣿[38;2;180;100;240m⠽[38;2;255;20;120m⣿[38;2;255;20;120m⣿[38;2;255;40;180m⣷[38;2;255;20;120m⣿[38;2;255;20;120m⣿[38;2;255;20;120m⣿[38;2;180;100;240m⡏[38;2;220;60;220m⢻[38;2;255;40;180m⣾[38;2;255;20;120m⣿[38;2;255;40;180m⣷[38;2;255;40;180m⣾[38;2;255;20;120m⣿[38;2;255;20;120m⣿[38;2;255;20;120m⣿[38;2;255;20;120m⣿[38;2;255;20;120m⣿[38;2;120;180;240m⡋[38;2;80;140;200m⢉[38;2;220;60;220m⢻[38;2;255;20;120m⣿[38;2;255;40;180m⣯[38;2;255;40;180m⣯[38;2;120;180;240m⠳[38;2;220;60;220m⣝[38;2;120;180;240m⠺[38;2;220;60;220m⣭[38;2;180;100;240m⠻[38;2;120;180;240m⡥[38;2;10;15;25m⠀[38;2;10;15;25m⠀[38;2;10;15;25m⠀[38;2;180;100;240m⠻[38;2;120;180;240m⣊[38;2;180;100;240m⠷[38;2;180;100;240m⣙[38;2;180;100;240m⢮[38;2;120;180;240m⡇[38;2;10;15;25m⠀[38;2;10;15;25m⠀[38;2;10;15;25m⠀[0m
[38;2;10;15;25m⠀[38;2;10;15;25m⠀[38;2;10;15;25m⠀[38;2;10;15;25m⠀[38;2;10;15;25m⠀[38;2;10;15;25m⠀[38;2;10;15;25m⠀[38;2;10;15;25m⠀[38;2;10;15;25m⠀[38;2;10;15;25m⠀[38;2;10;15;25m⠀[38;2;30;40;80m⠈[38;2;220;60;220m⠿[38;2;120;180;240m⣆[38;2;50;80;140m⠌[38;2;180;100;240m⠻[38;2;255;20;120m⣿[38;2;255;20;120m⣿[38;2;255;20;120m⣿[38;2;255;20;120m⣿[38;2;255;20;120m⣿[38;2;255;20;120m⣿[38;2;255;20;120m⣿[38;2;255;40;180m⣷[38;2;255;40;180m⣽[38;2;255;20;120m⣿[38;2;255;20;120m⣿[38;2;255;20;120m⣿[38;2;255;20;120m⣿[38;2;255;20;120m⣿[38;2;220;60;220m⣧[38;2;30;40;80m⢀[38;2;220;60;220m⢻[38;2;255;20;120m⣿[38;2;255;20;120m⣿[38;2;255;20;120m⣿[38;2;255;20;120m⣿[38;2;255;20;120m⣿[38;2;255;40;180m⣟[38;2;255;20;120m⣿[38;2;255;40;180m⣟[38;2;50;80;140m⠡[38;2;10;15;25m⠀[38;2;30;40;80m⠄[38;2;80;140;200m⠙[38;2;255;40;180m⢿[38;2;255;20;120m⣿[38;2;255;40;180m⣷[38;2;180;100;240m⣬[38;2;120;180;240m⠳[38;2;180;100;240m⡭[38;2;50;80;140m⡄[38;2;120;180;240m⠹[38;2;120;180;240m⡥[38;2;10;15;25m⠀[38;2;10;15;25m⠀[38;2;10;15;25m⠀[38;2;80;140;200m⠙[38;2;180;100;240m⡵[38;2;180;100;240m⣩[38;2;120;180;240m⢎[38;2;120;180;240m⡇[38;2;10;15;25m⠀[38;2;10;15;25m⠀[38;2;10;15;25m⠀[0m
[38;2;10;15;25m⠀[38;2;10;15;25m⠀[38;2;10;15;25m⠀[38;2;10;15;25m⠀[38;2;10;15;25m⠀[38;2;10;15;25m⠀[38;2;10;15;25m⠀[38;2;10;15;25m⠀[38;2;10;15;25m⠀[38;2;10;15;25m⠀[38;2;10;15;25m⠀[38;2;10;15;25m⠀[38;2;10;15;25m⠀[38;2;120;180;240m⠹[38;2;220;60;220m⢷[38;2;120;180;240m⣅[38;2;50;80;140m⠌[38;2;220;60;220m⠿[38;2;220;60;220m⠿[38;2;255;20;120m⣿[38;2;255;20;120m⣿[38;2;255;20;120m⣿[38;2;255;20;120m⣿[38;2;255;20;120m⣿[38;2;255;20;120m⣿[38;2;255;20;120m⣿[38;2;255;40;180m⢿[38;2;220;60;220m⡟[38;2;255;40;180m⢿[38;2;255;20;120m⣿[38;2;255;40;180m⣻[38;2;120;180;240m⣤[38;2;220;60;220m⣼[38;2;255;20;120m⣿[38;2;255;40;180m⣷[38;2;180;100;240m⠟[38;2;120;180;240m⣨[38;2;255;40;180m⡿[38;2;180;100;240m⢮[38;2;255;20;120m⣿[38;2;255;20;120m⣿[38;2;30;40;80m⢀[38;2;30;40;80m⠈[38;2;10;15;25m⠀[38;2;50;80;140m⠘[38;2;30;40;80m⠠[38;2;180;100;240m⢹[38;2;255;40;180m⣟[38;2;255;20;120m⣿[38;2;255;40;180m⣷[38;2;180;100;240m⣱[38;2;50;80;140m⠃[38;2;10;15;25m⠀[38;2;120;180;240m⠹[38;2;120;180;240m⡥[38;2;10;15;25m⠀[38;2;10;15;25m⠀[38;2;10;15;25m⠀[38;2;30;40;80m⠈[38;2;50;80;140m⠑[38;2;50;80;140m⠉[38;2;10;15;25m⠀[38;2;10;15;25m⠀[38;2;10;15;25m⠀[38;2;10;15;25m⠀[0m
[38;2;10;15;25m⠀[38;2;10;15;25m⠀[38;2;10;15;25m⠀[38;2;10;15;25m⠀[38;2;10;15;25m⠀[38;2;10;15;25m⠀[38;2;10;15;25m⠀[38;2;10;15;25m⠀[38;2;10;15;25m⠀[38;2;10;15;25m⠀[38;2;10;15;25m⠀[38;2;10;15;25m⠀[38;2;10;15;25m⠀[38;2;10;15;25m⠀[38;2;50;80;140m⠘[38;2;220;60;220m⠿[38;2;255;40;180m⣷[38;2;30;40;80m⡀[38;2;50;80;140m⢂[38;2;30;40;80m⠄[38;2;30;40;80m⠠[38;2;30;40;80m⢀[38;2;30;40;80m⠂[38;2;120;180;240m⣒[38;2;220;60;220m⣼[38;2;255;20;120m⣿[38;2;80;140;200m⡘[38;2;120;180;240m⡇[38;2;80;140;200m⢌[38;2;220;60;220m⣫[38;2;255;20;120m⣿[38;2;255;20;120m⣿[38;2;255;20;120m⣿[38;2;220;60;220m⢻[38;2;120;180;240m⣆[38;2;220;60;220m⣼[38;2;255;40;180m⢿[38;2;180;100;240m⡹[38;2;255;20;120m⣿[38;2;255;40;180m⢿[38;2;50;80;140m⠃[38;2;10;15;25m⠀[38;2;10;15;25m⠀[38;2;10;15;25m⠀[38;2;10;15;25m⠀[38;2;10;15;25m⠀[38;2;120;180;240m⢸[38;2;255;40;180m⣯[38;2;120;180;240m⡜[38;2;255;20;120m⣿[38;2;255;40;180m⢿[38;2;220;60;220m⣧[38;2;30;40;80m⡀[38;2;10;15;25m⠀[38;2;180;100;240m⠻[38;2;120;180;240m⡥[38;2;10;15;25m⠀[38;2;10;15;25m⠀[38;2;10;15;25m⠀[38;2;10;15;25m⠀[38;2;10;15;25m⠀[38;2;10;15;25m⠀[38;2;10;15;25m⠀[38;2;10;15;25m⠀[38;2;10;15;25m⠀[0m
[38;2;10;15;25m⠀[38;2;10;15;25m⠀[38;2;10;15;25m⠀[38;2;10;15;25m⠀[38;2;10;15;25m⠀[38;2;10;15;25m⠀[38;2;10;15;25m⠀[38;2;10;15;25m⠀[38;2;10;15;25m⠀[38;2;10;15;25m⠀[38;2;10;15;25m⠀[38;2;10;15;25m⠀[38;2;10;15;25m⠀[38;2;10;15;25m⠀[38;2;10;15;25m⠀[38;2;10;15;25m⠀[38;2;180;100;240m⠻[38;2;220;60;220m⠿[38;2;120;180;240m⠶[38;2;120;180;240m⡬[38;2;120;180;240m⣤[38;2;180;100;240m⣥[38;2;80;140;200m⣂[38;2;255;20;120m⣿[38;2;220;60;220m⣏[38;2;255;40;180m⢿[38;2;255;40;180m⣟[38;2;220;60;220m⣵[38;2;255;20;120m⣿[38;2;255;20;120m⣿[38;2;255;40;180m⡿[38;2;220;60;220m⡻[38;2;220;60;220m⣵[38;2;255;40;180m⡿[38;2;255;40;180m⢿[38;2;255;20;120m⣿[38;2;180;100;240m⣦[38;2;255;20;120m⣿[38;2;255;20;120m⣿[38;2;220;60;220m⣏[38;2;50;80;140m⣀[38;2;10;15;25m⠀[38;2;30;40;80m⠠[38;2;10;15;25m⠀[38;2;30;40;80m⠁[38;2;30;40;80m⢀[38;2;80;140;200m⠸[38;2;180;100;240m⡞[38;2;180;100;240m⠽[38;2;180;100;240m⣎[38;2;255;40;180m⢿[38;2;255;40;180m⣟[38;2;255;20;120m⣿[38;2;180;100;240m⣦[38;2;30;40;80m⡀[38;2;120;180;240m⠹[38;2;180;100;240m⣥[38;2;30;40;80m⡀[38;2;10;15;25m⠀[38;2;10;15;25m⠀[38;2;10;15;25m⠀[38;2;10;15;25m⠀[38;2;10;15;25m⠀[38;2;10;15;25m⠀[38;2;10;15;25m⠀[0m
[38;2;10;15;25m⠀[38;2;10;15;25m⠀[38;2;10;15;25m⠀[38;2;10;15;25m⠀[38;2;10;15;25m⠀[38;2;10;15;25m⠀[38;2;10;15;25m⠀[38;2;10;15;25m⠀[38;2;10;15;25m⠀[38;2;10;15;25m⠀[38;2;10;15;25m⠀[38;2;10;15;25m⠀[38;2;10;15;25m⠀[38;2;10;15;25m⠀[38;2;10;15;25m⠀[38;2;10;15;25m⠀[38;2;10;15;25m⠀[38;2;10;15;25m⠀[38;2;10;15;25m⠀[38;2;10;15;25m⠀[38;2;10;15;25m⠀[38;2;10;15;25m⠀[38;2;10;15;25m⠀[38;2;255;40;180m⢿[38;2;180;100;240m⡞[38;2;255;40;180m⣽[38;2;255;40;180m⣻[38;2;255;20;120m⣿[38;2;255;40;180m⣻[38;2;255;20;120m⣿[38;2;180;100;240m⣱[38;2;220;60;220m⡟[38;2;80;140;200m⠋[38;2;80;140;200m⣠[38;2;180;100;240m⠟[38;2;220;60;220m⠿[38;2;220;60;220m⠿[38;2;255;20;120m⣿[38;2;255;20;120m⣿[38;2;255;20;120m⣿[38;2;255;20;120m⣿[38;2;255;20;120m⣿[38;2;255;40;180m⣷[38;2;80;140;200m⣄[38;2;10;15;25m⠀[38;2;10;15;25m⠀[38;2;10;15;25m⠀[38;2;220;60;220m⢻[38;2;50;80;140m⡈[38;2;120;180;240m⢚[38;2;220;60;220m⡯[38;2;80;140;200m⡆[38;2;120;180;240m⠳[38;2;220;60;220m⢻[38;2;220;60;220m⣧[38;2;10;15;25m⠀[38;2;30;40;80m⠈[38;2;120;180;240m⠳[38;2;180;100;240m⣴[38;2;120;180;240m⣤[38;2;50;80;140m⣀[38;2;50;80;140m⣀[38;2;50;80;140m⣀[38;2;10;15;25m⠀[38;2;10;15;25m⠀[0m
[38;2;10;15;25m⠀[38;2;10;15;25m⠀[38;2;10;15;25m⠀[38;2;10;15;25m⠀[38;2;10;15;25m⠀[38;2;10;15;25m⠀[38;2;10;15;25m⠀[38;2;10;15;25m⠀[38;2;10;15;25m⠀[38;2;10;15;25m⠀[38;2;10;15;25m⠀[38;2;10;15;25m⠀[38;2;10;15;25m⠀[38;2;10;15;25m⠀[38;2;10;15;25m⠀[38;2;10;15;25m⠀[38;2;10;15;25m⠀[38;2;10;15;25m⠀[38;2;10;15;25m⠀[38;2;10;15;25m⠀[38;2;10;15;25m⠀[38;2;10;15;25m⠀[38;2;10;15;25m⠀[38;2;120;180;240m⢸[38;2;255;20;120m⣿[38;2;120;180;240m⠹[38;2;255;20;120m⣿[38;2;220;60;220m⡻[38;2;220;60;220m⢯[38;2;255;40;180m⡿[38;2;180;100;240m⡼[38;2;30;40;80m⢀[38;2;180;100;240m⡼[38;2;50;80;140m⠃[38;2;80;140;200m⢌[38;2;30;40;80m⠠[38;2;50;80;140m⢁[38;2;50;80;140m⠒[38;2;120;180;240m⣌[38;2;220;60;220m⢻[38;2;180;100;240m⡹[38;2;220;60;220m⣏[38;2;255;40;180m⡿[38;2;255;20;120m⣿[38;2;255;40;180m⣷[38;2;30;40;80m⡀[38;2;30;40;80m⠁[38;2;30;40;80m⠈[38;2;180;100;240m⣇[38;2;10;15;25m⠀[38;2;80;140;200m⠱[38;2;80;140;200m⡃[38;2;10;15;25m⠀[38;2;120;180;240m⢍[38;2;255;20;120m⣿[38;2;50;80;140m⡄[38;2;10;15;25m⠀[38;2;30;40;80m⢀[38;2;220;60;220m⡟[38;2;30;40;80m⠁[38;2;30;40;80m⠠[38;2;120;180;240m⢸[38;2;255;20;120m⣿[38;2;255;40;180m⣷[38;2;180;100;240m⣦[0m
[38;2;10;15;25m⠀[38;2;10;15;25m⠀[38;2;10;15;25m⠀[38;2;10;15;25m⠀[38;2;10;15;25m⠀[38;2;10;15;25m⠀[38;2;10;15;25m⠀[38;2;10;15;25m⠀[38;2;10;15;25m⠀[38;2;10;15;25m⠀[38;2;10;15;25m⠀[38;2;10;15;25m⠀[38;2;10;15;25m⠀[38;2;10;15;25m⠀[38;2;10;15;25m⠀[38;2;10;15;25m⠀[38;2;10;15;25m⠀[38;2;10;15;25m⠀[38;2;10;15;25m⠀[38;2;10;15;25m⠀[38;2;10;15;25m⠀[38;2;10;15;25m⠀[38;2;10;15;25m⠀[38;2;50;80;140m⠨[38;2;255;40;180m⣷[38;2;255;40;180m⣟[38;2;120;180;240m⢦[38;2;180;100;240m⡛[38;2;220;60;220m⣧[38;2;220;60;220m⢽[38;2;120;180;240m⢣[38;2;255;40;180m⡿[38;2;255;40;180m⢿[38;2;220;60;220m⣧[38;2;50;80;140m⡂[38;2;50;80;140m⡐[38;2;30;40;80m⠈[38;2;80;140;200m⡔[38;2;120;180;240m⣌[38;2;120;180;240m⠶[38;2;120;180;240m⣑[38;2;255;20;120m⣿[38;2;255;40;180m⣟[38;2;255;40;180m⣯[38;2;255;40;180m⡿[38;2;180;100;240m⢭[38;2;255;40;180m⣽[38;2;220;60;220m⣶[38;2;220;60;220m⣼[38;2;50;80;140m⣀[38;2;30;40;80m⡀[38;2;30;40;80m⠈[38;2;10;15;25m⠀[38;2;10;15;25m⠀[38;2;220;60;220m⢻[38;2;255;20;120m⣿[38;2;255;40;180m⣷[38;2;120;180;240m⣌[38;2;180;100;240m⣇[38;2;10;15;25m⠀[38;2;10;15;25m⠀[38;2;180;100;240m⣸[38;2;255;20;120m⣿[38;2;255;20;120m⣿[38;2;255;20;120m⣿[0m
[38;2;10;15;25m⠀[38;2;10;15;25m⠀[38;2;10;15;25m⠀[38;2;10;15;25m⠀[38;2;10;15;25m⠀[38;2;10;15;25m⠀[38;2;10;15;25m⠀[38;2;10;15;25m⠀[38;2;10;15;25m⠀[38;2;10;15;25m⠀[38;2;10;15;25m⠀[38;2;10;15;25m⠀[38;2;10;15;25m⠀[38;2;10;15;25m⠀[38;2;10;15;25m⠀[38;2;10;15;25m⠀[38;2;10;15;25m⠀[38;2;10;15;25m⠀[38;2;10;15;25m⠀[38;2;10;15;25m⠀[38;2;10;15;25m⠀[38;2;10;15;25m⠀[38;2;10;15;25m⠀[38;2;50;80;140m⠰[38;2;180;100;240m⡏[38;2;220;60;220m⢻[38;2;255;40;180m⣷[38;2;220;60;220m⡟[38;2;180;100;240m⣬[38;2;180;100;240m⡏[38;2;255;40;180m⣾[38;2;80;140;200m⠇[38;2;30;40;80m⠈[38;2;120;180;240m⠛[38;2;180;100;240m⢏[38;2;120;180;240m⣉[38;2;180;100;240m⣍[38;2;220;60;220m⡽[38;2;120;180;240m⡖[38;2;180;100;240m⠟[38;2;80;140;200m⠋[38;2;10;15;25m⠀[38;2;30;40;80m⠈[38;2;10;15;25m⠀[38;2;10;15;25m⠀[38;2;10;15;25m⠀[38;2;10;15;25m⠀[38;2;10;15;25m⠀[38;2;30;40;80m⠈[38;2;50;80;140m⠉[38;2;120;180;240m⠛[38;2;120;180;240m⠛[38;2;220;60;220m⣶[38;2;180;100;240m⣦[38;2;80;140;200m⣄[38;2;120;180;240m⡙[38;2;255;40;180m⡿[38;2;120;180;240m⠹[38;2;255;20;120m⣿[38;2;180;100;240m⣦[38;2;10;15;25m⠀[38;2;180;100;240m⢺[38;2;255;20;120m⣿[38;2;255;20;120m⣿[38;2;180;100;240m⡏[0m
[38;2;10;15;25m⠀[38;2;10;15;25m⠀[38;2;10;15;25m⠀[38;2;10;15;25m⠀[38;2;10;15;25m⠀[38;2;10;15;25m⠀[38;2;10;15;25m⠀[38;2;10;15;25m⠀[38;2;10;15;25m⠀[38;2;10;15;25m⠀[38;2;10;15;25m⠀[38;2;10;15;25m⠀[38;2;10;15;25m⠀[38;2;10;15;25m⠀[38;2;10;15;25m⠀[38;2;10;15;25m⠀[38;2;10;15;25m⠀[38;2;10;15;25m⠀[38;2;10;15;25m⠀[38;2;10;15;25m⠀[38;2;10;15;25m⠀[38;2;10;15;25m⠀[38;2;10;15;25m⠀[38;2;120;180;240m⣰[38;2;120;180;240m⠛[38;2;30;40;80m⠈[38;2;255;20;120m⣿[38;2;255;40;180m⣟[38;2;180;100;240m⣲[38;2;120;180;240m⢱[38;2;80;140;200m⡃[38;2;10;15;25m⠀[38;2;10;15;25m⠀[38;2;10;15;25m⠀[38;2;10;15;25m⠀[38;2;10;15;25m⠀[38;2;50;80;140m⠉[38;2;10;15;25m⠀[38;2;10;15;25m⠀[38;2;10;15;25m⠀[38;2;10;15;25m⠀[38;2;10;15;25m⠀[38;2;10;15;25m⠀[38;2;10;15;25m⠀[38;2;10;15;25m⠀[38;2;10;15;25m⠀[38;2;10;15;25m⠀[38;2;10;15;25m⠀[38;2;10;15;25m⠀[38;2;10;15;25m⠀[38;2;10;15;25m⠀[38;2;10;15;25m⠀[38;2;255;20;120m⣿[38;2;180;100;240m⡮[38;2;220;60;220m⠿[38;2;255;20;120m⣿[38;2;255;40;180m⣷[38;2;80;140;200m⣄[38;2;30;40;80m⠐[38;2;255;20;120m⣿[38;2;120;180;240m⣆[38;2;180;100;240m⣸[38;2;255;20;120m⣿[38;2;255;20;120m⣿[38;2;120;180;240m⡇[0m
[38;2;10;15;25m⠀[38;2;10;15;25m⠀[38;2;10;15;25m⠀[38;2;10;15;25m⠀[38;2;10;15;25m⠀[38;2;10;15;25m⠀[38;2;10;15;25m⠀[38;2;10;15;25m⠀[38;2;10;15;25m⠀[38;2;10;15;25m⠀[38;2;10;15;25m⠀[38;2;10;15;25m⠀[38;2;10;15;25m⠀[38;2;10;15;25m⠀[38;2;10;15;25m⠀[38;2;10;15;25m⠀[38;2;10;15;25m⠀[38;2;10;15;25m⠀[38;2;10;15;25m⠀[38;2;10;15;25m⠀[38;2;10;15;25m⠀[38;2;10;15;25m⠀[38;2;10;15;25m⠀[38;2;255;20;120m⣿[38;2;50;80;140m⠆[38;2;10;15;25m⠀[38;2;255;40;180m⢿[38;2;180;100;240m⣇[38;2;180;100;240m⡏[38;2;220;60;220m⣞[38;2;30;40;80m⠁[38;2;10;15;25m⠀[38;2;10;15;25m⠀[38;2;10;15;25m⠀[38;2;10;15;25m⠀[38;2;10;15;25m⠀[38;2;10;15;25m⠀[38;2;10;15;25m⠀[38;2;10;15;25m⠀[38;2;10;15;25m⠀[38;2;10;15;25m⠀[38;2;10;15;25m⠀[38;2;10;15;25m⠀[38;2;10;15;25m⠀[38;2;10;15;25m⠀[38;2;10;15;25m⠀[38;2;10;15;25m⠀[38;2;10;15;25m⠀[38;2;10;15;25m⠀[38;2;10;15;25m⠀[38;2;10;15;25m⠀[38;2;10;15;25m⠀[38;2;30;40;80m⠈[38;2;120;180;240m⠛[38;2;255;40;180m⢿[38;2;180;100;240m⣜[38;2;220;60;220m⠿[38;2;255;20;120m⣿[38;2;255;40;180m⣷[38;2;120;180;240m⣌[38;2;255;20;120m⣿[38;2;255;20;120m⣿[38;2;255;20;120m⣿[38;2;220;60;220m⡟[38;2;120;180;240m⣘[0m
[38;2;10;15;25m⠀[38;2;10;15;25m⠀[38;2;10;15;25m⠀[38;2;10;15;25m⠀[38;2;10;15;25m⠀[38;2;10;15;25m⠀[38;2;10;15;25m⠀[38;2;10;15;25m⠀[38;2;10;15;25m⠀[38;2;10;15;25m⠀[38;2;10;15;25m⠀[38;2;10;15;25m⠀[38;2;10;15;25m⠀[38;2;10;15;25m⠀[38;2;10;15;25m⠀[38;2;10;15;25m⠀[38;2;10;15;25m⠀[38;2;10;15;25m⠀[38;2;10;15;25m⠀[38;2;10;15;25m⠀[38;2;10;15;25m⠀[38;2;10;15;25m⠀[38;2;50;80;140m⢠[38;2;220;60;220m⢷[38;2;10;15;25m⠀[38;2;10;15;25m⠀[38;2;120;180;240m⢸[38;2;255;40;180m⣷[38;2;255;40;180m⡿[38;2;50;80;140m⠅[38;2;10;15;25m⠀[38;2;10;15;25m⠀[38;2;10;15;25m⠀[38;2;10;15;25m⠀[38;2;10;15;25m⠀[38;2;10;15;25m⠀[38;2;10;15;25m⠀[38;2;10;15;25m⠀[38;2;10;15;25m⠀[38;2;10;15;25m⠀[38;2;10;15;25m⠀[38;2;10;15;25m⠀[38;2;10;15;25m⠀[38;2;10;15;25m⠀[38;2;10;15;25m⠀[38;2;10;15;25m⠀[38;2;10;15;25m⠀[38;2;10;15;25m⠀[38;2;10;15;25m⠀[38;2;10;15;25m⠀[38;2;10;15;25m⠀[38;2;10;15;25m⠀[38;2;10;15;25m⠀[38;2;10;15;25m⠀[38;2;30;40;80m⠈[38;2;120;180;240m⠛[38;2;255;40;180m⢿[38;2;255;40;180m⣯[38;2;255;40;180m⣻[38;2;255;20;120m⣿[38;2;255;20;120m⣿[38;2;255;20;120m⣿[38;2;255;20;120m⣿[38;2;30;40;80m⠐[38;2;80;140;200m⡌[0m
[38;2;10;15;25m⠀[38;2;10;15;25m⠀[38;2;10;15;25m⠀[38;2;10;15;25m⠀[38;2;10;15;25m⠀[38;2;10;15;25m⠀[38;2;10;15;25m⠀[38;2;10;15;25m⠀[38;2;10;15;25m⠀[38;2;10;15;25m⠀[38;2;10;15;25m⠀[38;2;10;15;25m⠀[38;2;10;15;25m⠀[38;2;10;15;25m⠀[38;2;10;15;25m⠀[38;2;10;15;25m⠀[38;2;10;15;25m⠀[38;2;10;15;25m⠀[38;2;10;15;25m⠀[38;2;10;15;25m⠀[38;2;10;15;25m⠀[38;2;10;15;25m⠀[38;2;180;100;240m⣸[38;2;30;40;80m⠄[38;2;10;15;25m⠀[38;2;50;80;140m⣀[38;2;255;40;180m⣽[38;2;255;20;120m⣿[38;2;50;80;140m⠃[38;2;10;15;25m⠀[38;2;10;15;25m⠀[38;2;10;15;25m⠀[38;2;10;15;25m⠀[38;2;10;15;25m⠀[38;2;10;15;25m⠀[38;2;10;15;25m⠀[38;2;10;15;25m⠀[38;2;10;15;25m⠀[38;2;10;15;25m⠀[38;2;10;15;25m⠀[38;2;10;15;25m⠀[38;2;10;15;25m⠀[38;2;10;15;25m⠀[38;2;10;15;25m⠀[38;2;10;15;25m⠀[38;2;10;15;25m⠀[38;2;10;15;25m⠀[38;2;10;15;25m⠀[38;2;10;15;25m⠀[38;2;10;15;25m⠀[38;2;10;15;25m⠀[38;2;10;15;25m⠀[38;2;10;15;25m⠀[38;2;10;15;25m⠀[38;2;10;15;25m⠀[38;2;10;15;25m⠀[38;2;10;15;25m⠀[38;2;80;140;200m⠙[38;2;180;100;240m⠻[38;2;220;60;220m⣮[38;2;255;40;180m⣟[38;2;180;100;240m⠻[38;2;180;100;240m⢏[38;2;120;180;240m⡜[38;2;50;80;140m⡐[0m
[38;2;10;15;25m⠀[38;2;10;15;25m⠀[38;2;10;15;25m⠀[38;2;10;15;25m⠀[38;2;10;15;25m⠀[38;2;10;15;25m⠀[38;2;10;15;25m⠀[38;2;10;15;25m⠀[38;2;10;15;25m⠀[38;2;10;15;25m⠀[38;2;10;15;25m⠀[38;2;10;15;25m⠀[38;2;10;15;25m⠀[38;2;10;15;25m⠀[38;2;10;15;25m⠀[38;2;10;15;25m⠀[38;2;10;15;25m⠀[38;2;10;15;25m⠀[38;2;10;15;25m⠀[38;2;10;15;25m⠀[38;2;10;15;25m⠀[38;2;80;140;200m⠸[38;2;255;40;180m⣷[38;2;255;20;120m⣿[38;2;255;40;180m⣷[38;2;255;40;180m⢿[38;2;120;180;240m⠏[38;2;30;40;80m⠁[38;2;10;15;25m⠀[38;2;10;15;25m⠀[38;2;10;15;25m⠀[38;2;10;15;25m⠀[38;2;10;15;25m⠀[38;2;10;15;25m⠀[38;2;10;15;25m⠀[38;2;10;15;25m⠀[38;2;10;15;25m⠀[38;2;10;15;25m⠀[38;2;10;15;25m⠀[38;2;10;15;25m⠀[38;2;10;15;25m⠀[38;2;10;15;25m⠀[38;2;10;15;25m⠀[38;2;10;15;25m⠀[38;2;10;15;25m⠀[38;2;10;15;25m⠀[38;2;10;15;25m⠀[38;2;10;15;25m⠀[38;2;10;15;25m⠀[38;2;10;15;25m⠀[38;2;10;15;25m⠀[38;2;10;15;25m⠀[38;2;10;15;25m⠀[38;2;10;15;25m⠀[38;2;10;15;25m⠀[38;2;10;15;25m⠀[38;2;10;15;25m⠀[38;2;10;15;25m⠀[38;2;10;15;25m⠀[38;2;30;40;80m⠈[38;2;80;140;200m⠙[38;2;220;60;220m⠿[38;2;180;100;240m⢞[38;2;120;180;240m⡦[38;2;220;60;220m⣵[0m
